---
assets/img/jocha.jpg: 2015-08-19 09:04:42.314966668 +07:00
assets/img/nexus6.jpg: 2015-08-19 09:04:42.818972470 +07:00
assets/img/oh-firefox/chrome-html5test-result.png: 2015-08-19 09:06:08.967968117 +07:00
assets/img/oh-firefox/oooh.png: 2015-08-19 09:06:49.192435443 +07:00
assets/img/oh-firefox/firefox-css3test-result.png: 2015-08-19 09:06:46.792407520 +07:00
assets/img/oh-firefox/firefox-version-tested.png: 2015-08-19 09:07:21.872816154 +07:00
assets/img/oh-firefox/chrome-css3test-result.png: 2015-08-19 09:05:44.455684066 +07:00
assets/img/oh-firefox/chrome-version-tested.png: 2015-08-19 09:06:19.656092149 +07:00
assets/img/oh-firefox/firefox-html5test-result.png: 2015-08-19 09:07:27.072876813
  +07:00
assets/img/tanpa-!important.png: 2015-08-19 09:06:55.148504762 +07:00
assets/img/2015-06-08_12-32-55.png: 2015-08-19 09:04:39.302931999 +07:00
assets/img/2015-06-12_16-14-32.png: 2015-08-19 09:04:43.490980207 +07:00
assets/img/2015-06-08_12-32-48.png: 2015-08-19 09:04:41.646958979 +07:00
assets/img/apple-touch-icon.png: 2015-08-19 07:55:46.500814780 +07:00
assets/img/dengan-!important.png: 2015-08-19 09:04:56.123125729 +07:00
assets/img/cek-keamanan-password.png: 2015-08-19 09:08:13.057414142 +07:00
